results:
  mean_ocr_acc: 67.4
  mean_psnr: 19.405400715768337
  mean_ssim: 0.5579053838983543
  std_psnr: 0.2958603688607068
  std_ssim: 0.007794944187924053
settings:
  num_test_images: 20
