results:
  mean_ocr_acc: 25.05
  mean_psnr: 15.719999823719263
  mean_ssim: 0.5136932832081247
  std_psnr: 0.5859181574506296
  std_ssim: 0.004998666928178572
settings:
  num_test_images: 20
