results:
  mean_ocr_acc: 75.7
  mean_psnr: 19.887524466961622
  mean_ssim: 0.5608518638418873
  std_psnr: 0.3198613416062678
  std_ssim: 0.00723336625201174
settings:
  num_test_images: 20
