results:
  mean_ocr_acc: 95.35
  mean_psnr: 21.973729122430086
  mean_ssim: 0.5596793209790354
  std_psnr: 0.32561933758619654
  std_ssim: 0.0031892223134572166
settings:
  num_test_images: 20
