results:
  mean_ocr_acc: 83.65
  mean_psnr: 21.025909766554832
  mean_ssim: 0.5695962367507004
  std_psnr: 0.35669127955126334
  std_ssim: 0.009562906870073214
settings:
  num_test_images: 20
