results:
  mean_ocr_acc: 92.95
  mean_psnr: 21.960738968104124
  mean_ssim: 0.5568768897578074
  std_psnr: 0.4355650563295285
  std_ssim: 0.005198554742914811
settings:
  num_test_images: 20
