results:
  mean_ocr_acc: 57.25
  mean_psnr: 18.51501465588808
  mean_ssim: 0.5405272428226142
  std_psnr: 0.268529945967521
  std_ssim: 0.005644744757697813
settings:
  num_test_images: 20
