results:
  mean_ocr_acc: 85.5
  mean_psnr: 21.730095148086548
  mean_ssim: 0.5571069532844862
  std_psnr: 0.4416925687664809
  std_ssim: 0.004225537299974826
settings:
  num_test_images: 20
